+------------------------------------------------------------------------------------------+
| Time of Event | Memory Used | Partitions State | Total Free Memory | Usable Free Memory |
+------------------------------------------------------------------------------------------+
|             0 |           0 | -1,-1,-1,-1,-1,-1 |               100 |                100 | 
|             0 |           7 | -1,-1,-1,-1,1,-1 |                93 |                 92 | 
|             5 |           7 | -1,-1,-1,-1,-1,-1 |               100 |                100 | 
|            10 |          15 | -1,-1,0,-1,-1,-1 |                85 |                 85 | 
|            15 |          40 |  2,-1,0,-1,-1,-1 |                45 |                 45 | 
|            31 |          40 | -1,-1,0,-1,-1,-1 |                85 |                 85 | 
|            47 |          15 | -1,-1,-1,-1,-1,-1 |               100 |                100 | 
+------------------------------------------------------------------------------------------+
